m1.small 0.476 0.048 3.012 8.009 5.012 0.009 3.402 0.009
c1.medium 0.194 0.712 7.710 7.978 8.349 0.005 0.021 0.003
m1.large 0.015 0.867 44.060 15.827 16.661 33.061 0.109 0.016
m2.xlarge 0.420 0.420 23.376 24.342 24.000 0.089 0.316 0.000
m1.xlarge 0.113 0.884 33.302 31.667 58.983 0.055 0.411 756.622
c1.xlarge 0.480 0.148 32.313 32.000 31.181 0.825 0.000 0.168
m2.2xlarge 0.890 0.109 55.386 58.202 88.552 1.275 0.167 135.209
m2.4xlarge 0.126 0.504 112.000 113.094 109.073 0.000 8.335 2.145
m1.medium 0.015 0.867 44.060 15.827 16.661 33.061 0.109 0.016
m3.xlarge 0.126 0.504 112.000 113.094 109.073 0.000 8.335 2.145
m3.2xlarge 0.126 0.504 112.000 113.094 109.073 0.000 8.335 2.145